11
0	1	0	0	0	0	0	0	0	0	1
1	0	1	0	0	0	0	1	0	0	1
0	1	0	1	1	0	0	1	0	0	0
0	0	1	0	1	0	0	0	0	0	0
0	0	1	1	0	1	1	0	0	0	0
0	0	0	0	1	0	1	0	0	0	0
0	0	0	0	1	1	0	1	1	0	0
0	1	1	0	0	0	1	0	1	0	0
0	0	0	0	0	0	1	1	0	1	1
0	0	0	0	0	0	0	0	1	0	1
1	1	0	0	0	0	0	0	1	1	0

//Hai nua vang trang.
so do hai nua vang trang.
1						4

		2		3
	11		8		5
		9		7
		
10						6

5
0	1	1	0	0
1	0	1	0	0
1	1	0	1	1
0	0	1	0	1
0	0	1	1	0
//Hai tam giac chung nhau mot dinh duy nhat.


5
0	1	1	1	1
1	0	1	1	1
1	1	0	1	1
1	1	1	0	1
1	1	1	1	0
//Do thi day du K5

10
0	1	0	0	0	0	0	0	0	1
1	0	1	0	0	0	0	0	0	0
0	1	0	1	0	0	0	0	0	0
0	0	1	0	1	0	0	0	0	0
0	0	0	1	0	1	0	0	0	0
0	0	0	0	1	0	1	0	0	0
0	0	0	0	0	1	0	1	0	0
0	0	0	0	0	0	1	0	1	0
0	0	0	0	0	0	0	1	0	1
1	0	0	0	0	0	0	0	1	0
//Do thi vong C10



3
0	1	1
1	0	1
1	1	0
//Do thi day du K3


7
0	1	0	0	0	0	1
1	0	1	0	0	0	0
0	1	0	1	0	1	1
0	0	1	0	1	0	0
0	0	0	1	0	1	0
0	0	1	0	1	0	0
1	0	1	0	0	0	0

//Hai hinh vuong chung nhau 1 dinh duy nhat.




